image_width: 752
image_height: 480
camera_name: camera #narrow_stereo/right
camera_matrix:
  rows: 3
  cols: 3
  data: [392.78386, 0, 373.867762, 0, 396.126543, 238.270191, 0, 0, 1]
distortion_model: plumb_bob
distortion_coefficients:
  rows: 1
  cols: 5
  data: [-0.326689, 0.064497, 0.004974999999999999, 0.000359, 0]
rectification_matrix:
  rows: 3
  cols: 3
  data: [0.9996849999999999, 0.002166, 0.025014, -0.002181, 0.9999969999999999, 0.000589, -0.025013, -0.0006439999999999999, 0.999687]
projection_matrix:
  rows: 3
  cols: 4
  data: [355.044421, 0, 361.538925, 10.69373, 0, 355.044421, 245.735268, 0, 0, 0, 1, 0]